1391
560
451
21820
565
453
2353
1079
892
562
207
1201
1127
536
1617
1513
5300
5295
561
444
2363
1619
1163
8782
9194
2572
2
5075
1515
12934
2434
2361
449
563
566
383
1747
213
2357
6332
1704
211
217
3051
9193
215
21817
1601
5315
1147
1621
1275
5316
225
1113
2485
1623
4087
1305
8778
209
1303
5289
5974
2359
13190
1347
1215
5304
22124
3024
554
447
1319
11232
1149
1615
1373
1123
21930
440
4585
1749
1751
19582
24607
1631
3049
11237
985
1333
556
987
24598
391
1359
1397
9144
219
555
1637
1603
1987
385
6685
314
1093
2503
245
564
1511
1213
24589
205
11840
1607
22879
1753
21880
257
5314
1635
557
890
7936
19580
8780
12625
379
6585
5296
12695
4151
4587
532
6016
231
1605
9244
11113
10476
1185
24592
2497
1775
1405
526
21326
1517
223
21902
4091
11212
4093
5972
1939
558
442
199
4153
24595
1073
886
1399
5952
9245
1521
371
203
1639
960
9185
10925
571
6034
1519
9075
1434
10828
861
239
6737
24251
229
1761
2444
21944
1393
24613
6333
888
11978
1407
989
373
4131
2351
8013
11968
3144
1432
2552
11936
28991
23685
12002
23733
13573
11972
13441
567
5299
811
859
1927
824
25849
3000
2349
569
1377
7218
26219
884
21802
377
11980
2970
830
6693
1539
1641
2550
573
27616
8007
5301
5298
221
9243
11126
4675
1135
592
21946
11834
11230
810
8009
5288
9143
1161
12938
954
201
19553
25975
1734
2998
1929
1777
7944
1731
263
22877
575
1759
8792
8010
249
12924
261
1289
11260
1199
24621
11832
868
139
22209
9192
5321
255
2491
8011
5698
3853
5312
8008
24615
2309
1925
2355
12913
7946
1099
21166
251
1931
25778
99
19547
3138
1401
2501
259
3204
1381
27690
28924
1403
11802
1741
11920
269
24187
20718
333
2138
1357
389
335
4097
1660
227
12402
950
359
13239
26390
5313
11284
267
12406
1725
2440
6733
1917
1779
1121
11959
20716
4697
12403
13511
329
855
6328
11804
361
12642
8784
1767
10034
1993
1965
1933
19621
809
1783
19629
27657
3053
4695
21932
1387
1395
1941
24229
19484
9242
4696
12929
1712
11248
8790
53
21810
13576
1371
21807
1963
331
6055
1733
25416
22557
2493
1937
1765
25404
9381
21146
12775
1317
1609
5283
21483
1119
5303
2495
24585
5373
6812
973
436
13502
27652
1645
882
237
22869
1059
19669
21488
1331
1071
12905
29000
12877
12408
253
1101
1271
26997
265
3420
1273
4699
6731
3202
19619
1095
2003
401
28334
2499
12405
12410
1440
1763
22978
4089
9191
23490
12004
19544
1169
1975
579
22786
27629
19615
12863
97
4712
22461
13235
559
970
2487
5502
3142
12404
3016
4714
2436
805
5372
22975
1139
313
13652
1643
11943
29280
12699
2347
6739
1351
6568
21143
853
4736
2446
2448
24268
12409
3105
1129
1125
1247
1985
4698
2481
1061
22446
5374
21304
21000
5284
7060
1355
2442
2325
5290
25985
577
11235
2114
28878
13271
1823
22599
19481
6326
434
6289
4095
5998
6735
5982
1944
1077
1249
6729
21012
24777
70
3008
1165
2313
857
13421
5302
2570
13237
544
1197
6889
3026
12786
395
25769
946
29286
1069
95
5297
13508
29307
590
4103
1794
952
12900
4819
5285
4738
3749
1033
1446
1301
52
365
4101
1523
13439
1111
11133
7418
542
19631
91
9431
1383
2489
24635
1115
8786
9342
288
1921
28810
22871
12631
13391
21183
851
23959
1109
21163
303
66
23389
27897
13387
1755
327
5396
5286
12829
1613
2301
1718
11785
1951
28997
2142
11090
13496
22481
11242
44
19617
1891
2007
3004
13389
5354
6524
1550
4548
24961
5501
12407
1745
438
7416
3002
822
1448
1065
21047
5418
1769
1361
22284
1159
11118
1727
4820
233
1654
5287
1611
10033
2134
23956
4207
823
11252
36
1353
307
19550
11115
5318
19623
1442
25410
21480
3140
1957
1444
5100
1295
12411
1833
1470
22324
11951
1540
1476
27272
24963
21555
21622
12627
103
3751
2961
7158
29283
2015
13475
2132
28790
1474
6687
3122
26245
829
26243
2452
1472
315
169
27612
1923
9190
22951
1694
247
2126
1329
8921
5323
845
21177
363
13263
7208
5521
530
1835
849
2866
113
1267
141
1097
1625
28824
12902
1656
23745
1452
9142
5940
27662
3040
1664
1438
397
22003
753
11806
4759
21948
30
11105
1183
20727
6920
11838
8794
5371
23002
5331
26241
5386
29025
29289
25413
5970
1662
1773
1698
21015
29449
12780
1157
10006
1436
2136
6528
5935
11254
299
4694
1211
22804
9419
24957
107
25772
12640
11250
1167
29022
4687
4710
13385
20223
2581
1017
23499
105
21301
21347
808
143
843
1035
1919
4542
22780
1837
5319
5341
29577
12297
157
62
2366
11092
22856
1269
5667
235
12000
25578
28988
10326
1743
28869
5343
1658
12701
26231
6018
28899
11128
3032
309
1897
7331
7329
2876
6667
345
341
21028
1085
3018
43
1978
817
5324
171
948
22983
10327
301
1063
1131
7330
6914
25775
9676
1133
20849
1385
2509
4740
20220
1265
9674
10008
6036
12629
11905
21940
2108
21486
4751
22929
26945
29580
1207
1737
3325
1191
841
1462
101
29784
5350
10496
4708
28157
29796
29824
4310
11256
4012
5933
29458
29806
72
5096
1887
12697
28931
26235
11037
11875
1237
353
22949
807
163
1949
19613
29782
29004
20235
11889
1153
4129
5294
1592
24953
4300
21804
20232
21742
5291
1013
1942
10
1456
25853
581
4902
1203
4896
23694
8015
145
11998
22810
27641
1193
1019
23387
534
21905
1935
1629
93
22935
2568
4884
22954
27235
20229
5954
6306
3387
4718
5525
1909
21006
29013
29116
20517
1627
2859
1739
22593
5370
5329
317
2084
10012
29007
12871
5305
10810
4527
1907
6
12
21009
2430
26374
21350
21003
29801
4890
22595
1315
11926
8
8788
12831
20520
21733
2579
20226
12873
22118
3239
28872
351
1141
27238
847
